10
(-5.000000, 24.730499, 0.000000) (1.000000, 0.000000, 0.000000) (0.000000, 0.000000) 
(-3.500000, 18.595751, 0.000000) (1.000000, 0.000000, 0.000000) (0.000000, 0.000000) 
(-2.000000, 13.503552, 0.000000) (1.000000, 0.000000, 0.000000) (0.000000, 0.000000) 
(-0.500000, 9.453904, 0.000000) (1.000000, 0.000000, 0.000000) (0.000000, 0.000000) 
(1.000000, 6.446808, 0.000000) (1.000000, 0.000000, 0.000000) (0.000000, 0.000000) 
(2.500000, 4.482263, 0.000000) (1.000000, 0.000000, 0.000000) (0.000000, 0.000000) 
(4.000000, 3.560268, 0.000000) (1.000000, 0.000000, 0.000000) (0.000000, 0.000000) 
(5.500000, 3.680825, 0.000000) (1.000000, 0.000000, 0.000000) (0.000000, 0.000000) 
(7.000000, 4.843932, 0.000000) (1.000000, 0.000000, 0.000000) (0.000000, 0.000000) 
(8.500000, 7.049591, 0.000000) (1.000000, 0.000000, 0.000000) (0.000000, 0.000000) 
